1
96
2
68
3
73
4
74
5
1
6
111
7
81
8
87
9
92
10
89
11
93
12
94
13
103
14
100
15
108
16
102
17
107
18
109
19
105
20
113
21
114
22
112
23
53
24
80
25
97
26
91
27
85
28
95
29
106
30
101
31
75
32
104
33
77
34
50
35
90
36
86
37
54
38
38
39
7
40
72
41
36
42
25
43
35
44
19
45
20
46
56
47
26
48
27
49
28
50
10
51
10
52
11
53
12
54
15
55
6
56
37
57
31
58
34
59
39
60
40
61
41
62
42
63
43
64
44
65
45
66
46
67
51
68
88
69
18
70
16
71
71
72
14
73
21
74
23
75
32
76
52
77
67
78
69
79
70
80
78
81
79
82
82
83
84
84
30
85
29
86
83
87
2
88
8
89
3
90
33
91
60
92
4
93
99
94
57
95
47
96
13
97
55
98
76
99
65
100
98
101
59
102
110
103
24
104
22
105
63
106
58
107
49
108
66
109
62
110
64
111
61
112
48
113
5
114
9
